8454183
8519720
8716329
8650787
23527424
25165824
8781862
3473413
15663104
3473413
15269888
3473413
15335424
3473413
8585254
17432591
17825806
65539
18219020
8781860
917505
23527424
15400960
11141118
11206655
8781860
1441794
917505
23527424
11403264
1966083
8781861
11534333
3014661
24641536
6
-1
-4
1
6
3
41
0
0
0
0
0
0
0
0
0
0
0
0
0
0
0
0
0
0
0
0
0
0
0
0
0
0
0
0
0
0
0
0
0
0
0
0
0
0
0
0
0
0
0
0
0
0
0
0
0
0
0
0
0
0
0
0
0
0
0
0
0
0
0
0
0
0
0
0
0
0
0
0
0
0
0
0
0
0
0
0
0
0
0
0
0
0
0
0
0
0
0
0
0
0
0
0
0
0
0
0
0
0
0
0
0
0
0
0
0
0
0
0
0
0
0
0
0
0
0
0
0
0
0
0
0
0
0
0
0
0
0
0
0
0
0
0
0
0
0
0
0
0
0
0
